[-0.88290893 -6.93910847  0.23442792 -0.51941474]
[-0.88290893 -6.93910858  0.23442792 -0.51941475]
[-0.88290893 -6.93910836  0.23442792 -0.51941474]
[-0.88290894 -6.93910819  0.23442791 -0.51941473]
[-0.88290893 -6.93910846  0.23442792 -0.51941472]
[-0.87565171 -6.82648487  0.23722802 -0.23099969]
[-0.87565171 -6.82648498  0.23722803 -0.2309997 ]
[-0.87565171 -6.82648477  0.23722802 -0.23099969]
[-0.87565172 -6.82648459  0.23722802 -0.23099968]
[-0.87565171 -6.82648487  0.23722803 -0.23099968]
[ -0.11482061 -22.18057361   0.45138291  -0.06323801]
[ -0.1148206  -22.1805739    0.45138291  -0.06323801]
[ -0.11482061 -22.18057327   0.45138291  -0.06323801]
[ -0.11482066 -22.18057271   0.4513829   -0.063238  ]
[ -0.11482061 -22.1805736    0.45138291  -0.06323799]
[ 0.01461716 -5.43587021  0.24306374 -0.00635607]
[ 0.01461711 -5.43587061  0.24306374 -0.00635607]
[ 0.01461717 -5.43587013  0.24306374 -0.00635607]
[ 0.01461722 -5.43586943  0.24306374 -0.00635606]
[ 0.01461718 -5.4358702   0.24306374 -0.00635605]
[ 0.44577928 -2.28854395  0.15413715 -0.06861186]
[ 0.1262681  -3.91208145  0.20632551 -0.02101193]
[ 0.1262681  -3.9120815   0.20632551 -0.02101193]
[ 0.1262681  -3.91208138  0.20632551 -0.02101193]
[ 0.12626801 -3.91208119  0.2063255  -0.02101192]
[ 0.12626811 -3.91208144  0.20632551 -0.02101191]
[ 0.08444975 -2.87848756  0.17451648 -0.07516429]
[ 0.08444976 -2.8784876   0.17451648 -0.0751643 ]
[ 0.08444976 -2.87848752  0.17451648 -0.07516429]
[ 0.0844497  -2.87848743  0.17451648 -0.07516429]
[ 0.08444977 -2.87848755  0.17451648 -0.07516427]
[ 0.08861145 -1.75079047  0.13159607 -0.07565559]
[ 0.08861145 -1.75079049  0.13159607 -0.07565559]
[ 0.08861145 -1.75079044  0.13159607 -0.07565559]
[ 0.0886114  -1.75079039  0.13159606 -0.07565559]
[ 0.08861147 -1.75079046  0.13159607 -0.07565557]
[ 0.07440376 -0.81919291  0.07355249 -0.14551495]
[ 0.07440376 -0.81919293  0.07355249 -0.14551495]
[ 0.07440375 -0.8191929   0.07355249 -0.14551497]
[ 0.07440372 -0.81919287  0.07355249 -0.14551494]
[ 0.07440381 -0.8191929   0.07355249 -0.14551492]
[ 1.19534392e+01  6.49482773e-02 -8.91451671e-04  1.04059363e-01]
[ 0.29450564 -0.45966609  0.04239254 -0.14891607]
[ 0.29450563 -0.4596661   0.04239254 -0.14891607]
[ 0.29450563 -0.45966608  0.04239253 -0.1489161 ]
[ 0.29450561 -0.45966606  0.04239253 -0.14891606]
[ 0.29450573 -0.45966608  0.04239254 -0.14891604]
[ 0.11475146 -0.32425977  0.03018465 -0.14409792]
[ 0.11475145 -0.32425978  0.03018465 -0.14409793]
[ 0.11475145 -0.32425977  0.03018465 -0.14409796]
[ 0.11475144 -0.32425975  0.03018465 -0.14409792]
[ 0.11475155 -0.32425976  0.03018465 -0.14409789]
[ 0.09681055 -0.12511495  0.01325745 -0.05086458]
[ 0.09681054 -0.12511496  0.01325745 -0.05086458]
[ 0.09681055 -0.12511495  0.01325745 -0.05086461]
[ 0.09681055 -0.12511494  0.01325745 -0.05086458]
[ 0.09681065 -0.12511494  0.01325745 -0.05086456]
[ 0.00718645  0.01034971 -0.00172666  0.01143651]
[ 0.00718644  0.0103497  -0.00172666  0.01143651]
[ 0.00718645  0.01034971 -0.00172666  0.01143649]
[ 0.00718645  0.01034971 -0.00172666  0.01143651]
[ 0.00718655  0.01034972 -0.00172666  0.01143653]
[ 0.00172522 -0.00853307  0.00019751 -0.00291009]
[ 0.00172521 -0.00853308  0.00019751 -0.00291009]
[ 0.00172521 -0.00853307  0.00019751 -0.00291011]
[ 0.00172521 -0.00853306  0.00019751 -0.00291008]
[ 0.00172531 -0.00853306  0.00019751 -0.00291006]
[ 0.0023563  -0.00232371 -0.00070971 -0.00357615]
[ 0.00235629 -0.00232371 -0.00070971 -0.00357615]
[ 0.0023563  -0.00232371 -0.00070972 -0.00357618]
[ 0.00235632 -0.00232371 -0.00070971 -0.00357618]
[ 0.0023564  -0.0023237  -0.00070971 -0.00357613]
[-1.96718246e-02  1.05536627e-02  9.71193365e-05  4.72821029e-02]
[-0.00599454  0.0006041  -0.00052104  0.00901095]
[-0.00044921 -0.00168915 -0.00066236 -0.00057698]
[-0.00044922 -0.00168915 -0.00066236 -0.00057698]
[-0.00044921 -0.00168915 -0.00066237 -0.00057701]
[-0.00044921 -0.00168914 -0.00066237 -0.00057698]
[-0.00044911 -0.00168914 -0.00066236 -0.00057696]
[-1.96469451e-05 -9.75312535e-05 -8.52999762e-04  8.46338817e-05]
[-1.96596930e-05 -9.75354434e-05 -8.52998978e-04  8.46304055e-05]
[-1.96542091e-05 -9.75319131e-05 -8.53001025e-04  8.46081107e-05]
[-1.96514490e-05 -9.75211411e-05 -8.53000994e-04  8.46385126e-05]
[-1.95541921e-05 -9.75206248e-05 -8.52999504e-04  8.46582340e-05]
[ 5.16517680e-06 -1.21929744e-04 -8.51497950e-04  4.30810521e-05]
[ 5.15242758e-06 -1.21933932e-04 -8.51497167e-04  4.30775775e-05]
[ 5.15791014e-06 -1.21930404e-04 -8.51499214e-04  4.30552733e-05]
[ 5.16067259e-06 -1.21919632e-04 -8.51499182e-04  4.30856828e-05]
[ 5.25793227e-06 -1.21919115e-04 -8.51497693e-04  4.31054073e-05]
[ 4.86252723e-06 -1.21480870e-04 -8.51542759e-04  4.34919187e-05]
[ 4.84980073e-06 -1.21485089e-04 -8.51541973e-04  4.34884126e-05]
[ 4.85526054e-06 -1.21481530e-04 -8.51544023e-04  4.34661399e-05]
[ 4.85802459e-06 -1.21470760e-04 -8.51543991e-04  4.34965471e-05]
[ 4.95528267e-06 -1.21470241e-04 -8.51542502e-04  4.35162738e-05]